-2.078379154205322266e+00
-3.059721589088439941e-01
-3.592575550079345703e+00
3.727820873260498047e+00
-1.730007934570312500e+01
-3.431515932083129883e+00
-1.997128105163574219e+01
-4.188600540161132812e+00
-7.430704116821289062e+00
-2.689368963241577148e+00
-6.431361198425292969e+00
-1.226856613159179688e+01
-7.436729669570922852e-01
-1.421511077880859375e+01
-8.967568397521972656e+00
-1.630561256408691406e+01
-4.158685207366943359e+00
-1.613993167877197266e+00
-4.005601406097412109e-01
-8.056186676025390625e+00
-4.268964767456054688e+00
1.702346280217170715e-02
3.382127583026885986e-01
-5.412693023681640625e+00
-1.416448211669921875e+01
3.511053025722503662e-01
-7.063892364501953125e+00
2.288854598999023438e+00
-1.004802036285400391e+01
-2.368294477462768555e+00
-1.192681980133056641e+01
-3.588232040405273438e+00
-8.336406707763671875e+00
-7.946914672851562500e+00
-1.034834766387939453e+01
-1.168944168090820312e+01
-2.388073682785034180e+00
6.839126348495483398e-02
-6.368170261383056641e+00
-2.655673027038574219e+00
-1.588928818702697754e+00
3.739497959613800049e-01
-9.224103927612304688e+00
-1.472348976135253906e+01
-9.285094738006591797e-01
-5.757604598999023438e+00
1.252899527549743652e+00
3.629681110382080078e+00
-3.999883174896240234e+00
-8.695207238197326660e-01
1.508134961128234863e+00
-1.293046855926513672e+01
2.588959217071533203e+00
-1.001440763473510742e+00
-4.469027817249298096e-01
4.523215293884277344e-01
-5.422973155975341797e+00
-1.624491572380065918e+00
8.654459565877914429e-02
1.558106780052185059e+00
1.461552500724792480e+00
2.842148065567016602e+00
5.209756374359130859e+00
4.410990715026855469e+00
-8.196611404418945312e+00
2.131059169769287109e+00
-2.777351617813110352e+00
-1.385921287536621094e+01
-5.448555469512939453e+00
-9.915464401245117188e+00
8.655323386192321777e-01
-1.442142868041992188e+01
-8.437865257263183594e+00
-4.964956283569335938e+00
1.147430300712585449e+00
-1.167852687835693359e+01
-3.589972555637359619e-01
8.756080269813537598e-01
2.092961549758911133e+00
-2.835743665695190430e+00
-1.136015510559082031e+01
6.951801180839538574e-01
-4.177030086517333984e+00
-1.596247673034667969e+00
-2.219156742095947266e+00
-1.461127376556396484e+01
1.812188386917114258e+00
-5.527692317962646484e+00
-3.928624629974365234e+00
-2.930827856063842773e+00
-1.554542127996683121e-02
-7.897471904754638672e+00
-2.983046531677246094e+00
-1.895768404006958008e+00
7.396170496940612793e-01
-1.250525951385498047e+00
-6.229003429412841797e+00
-1.714005088806152344e+01
-3.111315488815307617e+00
-1.342622470855712891e+01
-5.804411888122558594e+00
-6.122322559356689453e+00
-9.582798004150390625e+00
8.144054412841796875e-01
-4.095168709754943848e-01
5.052409172058105469e+00
-1.920650601387023926e+00
1.788897275924682617e+00
-1.661169767379760742e+00
-3.131851673126220703e+00
-8.092726707458496094e+00
8.257353901863098145e-01
2.918734960258007050e-02
2.055978775024414062e+00
-1.429912471771240234e+01
-1.609147071838378906e+00
-1.290579414367675781e+01
6.472114920616149902e-01
-3.123699188232421875e+00
-6.067301750183105469e+00
