-1.186676740646362305e+00
-2.435960531234741211e+00
-8.212613463401794434e-01
-1.306796193122863770e+00
-8.094542026519775391e-01
-2.238465785980224609e+00
-1.042143583297729492e+00
-5.958975553512573242e-01
-2.023057222366333008e+00
9.962576031684875488e-01
-3.403651237487792969e+00
-6.175010800361633301e-01
-2.713636159896850586e+00
-3.510775566101074219e-01
-1.369774937629699707e+00
4.452678859233856201e-01
-1.240710854530334473e+00
-2.563026666641235352e+00
-3.383564949035644531e-01
-5.238967537879943848e-01
-3.643899440765380859e+00
-7.809064388275146484e-01
-3.412479758262634277e-01
-7.196777820587158203e+00
-3.988537311553955078e+00
-1.562889575958251953e+00
3.026933670043945312e-01
-1.782558441162109375e+00
-1.425326228141784668e+00
-1.523092389106750488e+00
-5.111433267593383789e-01
-1.424805819988250732e-01
-2.876973390579223633e+00
-3.026458978652954102e+00
2.252552509307861328e+00
-1.993733406066894531e+00
-4.495681285858154297e+00
7.089245319366455078e-01
2.860325574874877930e-01
1.006488919258117676e+00
-4.156300425529479980e-01
1.270384937524795532e-01
6.161623597145080566e-01
-2.396941334009170532e-01
6.146653294563293457e-01
-3.158084869384765625e+00
-2.290482997894287109e+00
-8.878920078277587891e-01
1.364796161651611328e+00
-1.757509112358093262e+00
-1.703647255897521973e+00
2.216526031494140625e+00
-3.054231882095336914e+00
-2.492575407028198242e+00
-5.134965181350708008e-01
-1.192600846290588379e+00
-1.379772543907165527e+00
-3.665726900100708008e+00
-1.033758401870727539e+00
-1.007004529237747192e-01
-5.145781517028808594e+00
-8.561222553253173828e-01
6.748855113983154297e-01
3.964481353759765625e+00
6.900730729103088379e-01
-3.117288351058959961e-01
-1.008016467094421387e+00
2.078951358795166016e+00
-8.853269815444946289e-01
-4.355642199516296387e-01
2.749929428100585938e-01
-8.412729501724243164e-01
-1.969305038452148438e+00
1.737571954727172852e+00
-2.766866207122802734e+00
-1.274596214294433594e+00
-4.054853320121765137e-01
-4.823637008666992188e+00
-2.069016218185424805e+00
2.716687917709350586e-01
-8.114753663539886475e-02
-1.763871669769287109e+00
-2.470070362091064453e+00
-1.431152105331420898e+00
